image: bisai_f.pgm
resolution: 0.039092
origin: [-53.800000, -44.200000, 0.000000]
negate: 0
occupied_thresh: 0.65
free_thresh: 0.196

