image: race_map.pgm
resolution: 0.039092
origin: [-7.505605, -7.505605, 0.000000]
negate: 0
occupied_thresh: 0.65
free_thresh: 0.196

